New York City
2 5 10 7 5 9 2 8 3 0 0 10 0 0 5 8 3 8 0 4 7 9 0 0 3 5 10 7 8 8 8 5 7 5 5
Hawaii
10 10 10 3 10 4 10 2 4 3 0 10 0 0 5 8 1 6 10 8 8 1 4 4 6 7 3 4 6 8 6 5 8 5 4
Rome
2 10 5 10 7 5 1 8 2 5 4 0 10 0 3 8 9 4 1 4 6 2 8 3 5 6 7 8 8 4 2 6 6 4 2
Cancun
10 8 8 1 8 3 10 2 5 6 4 0 10 0 4 8 3 8 10 6 8 0 4 2 4 6 8 6 7 8 6 7 7 6 3
Orlando
5 8 6 8 7 7 3 7 7 0 0 10 0 0 6 10 6 8 0 4 8 5 8 5 6 6 6 9 9 5 2 3 6 7 8
London
2 8 8 6 5 8 2 8 6 6 0 0 10 0 8 6 6 7 0 4 6 8 6 2 4 6 8 8 7 4 5 7 6 5 3
Las Vegas
0 5 10 5 8 4 0 9 2 0 4 10 0 0 4 10 3 10 0 6 3 10 0 0 3 4 10 4 6 8 7 7 6 4 2
Paris
0 10 6 9 5 7 2 8 3 5 1 0 10 0 5 6 8 6 0 2 6 7 3 2 4 5 8 8 7 4 2 2 4 5 7
San Fransisco
2 6 9 7 4 7 5 8 2 0 0 10 0 0 6 8 4 6 1 7 6 7 0 1 4 6 9 8 6 4 2 8 6 4 2
The Maldives
10 7 4 0 8 2 10 0 0 0 0 0 10 0 3 7 0 6 10 2 7 0 5 5 4 4 4 2 4 8 5 4 5 7 3
Prague
0 10 7 8 5 7 1 8 4 5 0 0 10 0 6 8 8 6 0 4 6 5 6 3 5 6 6 9 7 6 2 4 5 6 7
Amalfi Coast, Italy
5 10 4 4 6 7 8 2 8 2 0 0 10 0 5 7 4 7 8 8 7 2 8 7 6 4 2 8 6 6 4 7 6 5 4
Banff, Alberta
2 9 2 2 6 7 6 0 10 2 0 0 10 0 4 8 2 2 3 9 4 0 10 8 7 6 4 2 4 7 5 8 7 5 2
Great Barrier Reef
8 5 2 1 8 5 10 0 0 0 0 0 10 0 2 8 1 1 6 9 6 0 8 5 5 4 4 4 6 2 8 8 7 5 2
St. Lucia
8 7 4 2 8 6 8 6 7 7 0 0 10 0 6 4 2 5 7 8 5 2 6 5 6 4 3 6 7 3 7 2 5 6 7
Bali, Indonesia
5 8 2 2 8 4 8 2 8 6 0 0 10 0 4 7 2 4 6 8 2 0 10 3 4 6 8 5 6 8 6 8 7 4 2
Costa Rica
10 7 4 2 8 6 8 2 6 6 0 0 10 0 4 7 2 5 7 8 4 0 7 4 6 7 8 4 6 7 8 8 7 3 1
British Virgin Islands
10 7 4 2 8 6 8 2 6 6 0 0 10 0 4 7 2 5 7 8 4 0 7 4 6 7 8 4 6 7 8 8 7 3 1
Florence, Italy
10 7 4 2 8 6 8 2 6 6 0 0 10 0 4 7 2 5 7 8 4 0 7 4 6 7 8 4 6 7 8 8 7 3 1
Rio de Janeiro
10 7 4 2 8 6 8 2 6 6 0 0 10 0 4 7 2 5 7 8 4 0 7 4 6 7 8 4 6 7 8 8 7 3 1
Machu Picchu, Peru
10 7 4 2 8 6 8 2 6 6 0 0 10 0 4 7 2 5 7 8 4 0 7 4 6 7 8 4 6 7 8 8 7 3 1
Hong Kong
10 7 4 2 8 6 8 2 6 6 0 0 10 0 4 7 2 5 7 8 4 0 7 4 6 7 8 4 6 7 8 8 7 3 1
Sydney
10 7 4 2 8 6 8 2 6 6 0 0 10 0 4 7 2 5 7 8 4 0 7 4 6 7 8 4 6 7 8 8 7 3 1
Maui
10 7 4 2 8 6 8 2 6 6 0 0 10 0 4 7 2 5 7 8 4 0 7 4 6 7 8 4 6 7 8 8 7 3 1
Santorini, Greece
10 7 4 2 8 6 8 2 6 6 0 0 10 0 4 7 2 5 7 8 4 0 7 4 6 7 8 4 6 7 8 8 7 3 1
Yosemite National Park
10 7 4 2 8 6 8 2 6 6 0 0 10 0 4 7 2 5 7 8 4 0 7 4 6 7 8 4 6 7 8 8 7 3 1
Barcelona, Spain
10 7 4 2 8 6 8 2 6 6 0 0 10 0 4 7 2 5 7 8 4 0 7 4 6 7 8 4 6 7 8 8 7 3 1
Argentine Patagonia
10 7 4 2 8 6 8 2 6 6 0 0 10 0 4 7 2 5 7 8 4 0 7 4 6 7 8 4 6 7 8 8 7 3 1
Dubai
10 7 4 2 8 6 8 2 6 6 0 0 10 0 4 7 2 5 7 8 4 0 7 4 6 7 8 4 6 7 8 8 7 3 1
Grand Canyon National Park
10 7 4 2 8 6 8 2 6 6 0 0 10 0 4 7 2 5 7 8 4 0 7 4 6 7 8 4 6 7 8 8 7 3 1
Phuket, Thailand
10 7 4 2 8 6 8 2 6 6 0 0 10 0 4 7 2 5 7 8 4 0 7 4 6 7 8 4 6 7 8 8 7 3 1
South Island, New Zealand
10 7 4 2 8 6 8 2 6 6 0 0 10 0 4 7 2 5 7 8 4 0 7 4 6 7 8 4 6 7 8 8 7 3 1
Tahiti
10 7 4 2 8 6 8 2 6 6 0 0 10 0 4 7 2 5 7 8 4 0 7 4 6 7 8 4 6 7 8 8 7 3 1
Yellowstone National Park
10 7 4 2 8 6 8 2 6 6 0 0 10 0 4 7 2 5 7 8 4 0 7 4 6 7 8 4 6 7 8 8 7 3 1
Alberta
10 7 4 2 8 6 8 2 6 6 0 0 10 0 4 7 2 5 7 8 4 0 7 4 6 7 8 4 6 7 8 8 7 3 1
Ontario
10 7 4 2 8 6 8 2 6 6 0 0 10 0 4 7 2 5 7 8 4 0 7 4 6 7 8 4 6 7 8 8 7 3 1
Armenia
10 7 4 2 8 6 8 2 6 6 0 0 10 0 4 7 2 5 7 8 4 0 7 4 6 7 8 4 6 7 8 8 7 3 1
Berlin
10 7 4 2 8 6 8 2 6 6 0 0 10 0 4 7 2 5 7 8 4 0 7 4 6 7 8 4 6 7 8 8 7 3 1
Brisbane
10 7 4 2 8 6 8 2 6 6 0 0 10 0 4 7 2 5 7 8 4 0 7 4 6 7 8 4 6 7 8 8 7 3 1
Cambodia
10 7 4 2 8 6 8 2 6 6 0 0 10 0 4 7 2 5 7 8 4 0 7 4 6 7 8 4 6 7 8 8 7 3 1
Cambridge
10 7 4 2 8 6 8 2 6 6 0 0 10 0 4 7 2 5 7 8 4 0 7 4 6 7 8 4 6 7 8 8 7 3 1
Egypt
10 7 4 2 8 6 8 2 6 6 0 0 10 0 4 7 2 5 7 8 4 0 7 4 6 7 8 4 6 7 8 8 7 3 1
Elqui Valley
10 7 4 2 8 6 8 2 6 6 0 0 10 0 4 7 2 5 7 8 4 0 7 4 6 7 8 4 6 7 8 8 7 3 1
Guanacaste Province
10 7 4 2 8 6 8 2 6 6 0 0 10 0 4 7 2 5 7 8 4 0 7 4 6 7 8 4 6 7 8 8 7 3 1
Guatamala
10 7 4 2 8 6 8 2 6 6 0 0 10 0 4 7 2 5 7 8 4 0 7 4 6 7 8 4 6 7 8 8 7 3 1
Hoi An
10 7 4 2 8 6 8 2 6 6 0 0 10 0 4 7 2 5 7 8 4 0 7 4 6 7 8 4 6 7 8 8 7 3 1
Tokyo
10 7 4 2 8 6 8 2 6 6 0 0 10 0 4 7 2 5 7 8 4 0 7 4 6 7 8 4 6 7 8 8 7 3 1
Israel
10 7 4 2 8 6 8 2 6 6 0 0 10 0 4 7 2 5 7 8 4 0 7 4 6 7 8 4 6 7 8 8 7 3 1
Langkawi
10 7 4 2 8 6 8 2 6 6 0 0 10 0 4 7 2 5 7 8 4 0 7 4 6 7 8 4 6 7 8 8 7 3 1
Los Cabos
10 7 4 2 8 6 8 2 6 6 0 0 10 0 4 7 2 5 7 8 4 0 7 4 6 7 8 4 6 7 8 8 7 3 1
Madeira
10 7 4 2 8 6 8 2 6 6 0 0 10 0 4 7 2 5 7 8 4 0 7 4 6 7 8 4 6 7 8 8 7 3 1
Matera
10 7 4 2 8 6 8 2 6 6 0 0 10 0 4 7 2 5 7 8 4 0 7 4 6 7 8 4 6 7 8 8 7 3 1
Montecito
10 7 4 2 8 6 8 2 6 6 0 0 10 0 4 7 2 5 7 8 4 0 7 4 6 7 8 4 6 7 8 8 7 3 1